0.000000000000000000e+00
1.443000000000000060e+00
3.698999999999999844e+00
6.826999999999999957e+00
1.086400000000000077e+01
1.583500000000000085e+01
2.175600000000000023e+01
2.864000000000000057e+01
3.649699999999999989e+01
4.533400000000000318e+01
5.515699999999999648e+01
6.597100000000000364e+01
7.778100000000000591e+01
9.059000000000000341e+01
1.044009999999999962e+02
1.192159999999999940e+02
1.350389999999999873e+02
1.518710000000000093e+02
1.697139999999999986e+02
1.885689999999999884e+02
2.084379999999999882e+02
2.293230000000000075e+02
2.512239999999999895e+02
2.741429999999999723e+02
2.980799999999999841e+02
3.230369999999999777e+02
3.490149999999999864e+02
3.760129999999999768e+02
4.040339999999999918e+02
4.330769999999999982e+02
4.631429999999999723e+02
4.942339999999999804e+02
5.263479999999999563e+02
5.594880000000000564e+02
5.936530000000000200e+02
6.288440000000000509e+02
6.650610000000000355e+02
7.023049999999999500e+02
7.405760000000000218e+02
7.798750000000000000e+02
8.202010000000000218e+02
8.615560000000000400e+02
9.039389999999999645e+02
9.473509999999999991e+02
9.917920000000000300e+02
1.037261999999999944e+03
1.083761999999999944e+03
1.131291999999999916e+03
1.179852000000000089e+03
1.229442000000000007e+03
1.280063000000000102e+03
1.331714999999999918e+03
1.384396999999999935e+03
1.438111000000000104e+03
1.492855999999999995e+03
1.548633000000000038e+03
1.605441000000000031e+03
1.663281999999999925e+03
1.722153999999999996e+03
1.782058999999999969e+03
1.842996000000000095e+03
1.904965999999999894e+03
1.967968000000000075e+03
2.032002999999999929e+03
2.097070999999999913e+03
2.163172000000000025e+03
2.230306999999999789e+03
2.298474000000000160e+03
2.367675000000000182e+03
2.437909999999999854e+03
2.509179000000000087e+03
2.581481000000000222e+03
2.654817000000000007e+03
2.729186999999999898e+03
2.804590999999999894e+03
2.881028999999999996e+03
2.958501999999999953e+03
3.037009000000000015e+03
3.116550000000000182e+03
3.197126000000000204e+03
3.278737000000000080e+03
3.361382000000000062e+03
3.445061999999999898e+03
3.529777000000000044e+03
3.615527000000000044e+03
3.702311999999999898e+03
3.790132000000000062e+03
3.878987000000000080e+03
3.968878000000000156e+03
4.059804000000000087e+03
4.151765000000000327e+03
4.244761999999999716e+03
4.338793999999999869e+03
4.433862000000000080e+03
4.529965000000000146e+03
4.627104000000000269e+03
4.725279000000000451e+03
4.824489999999999782e+03
4.924737000000000080e+03
5.026019000000000233e+03
5.128337000000000444e+03
5.231692000000000007e+03
5.336082999999999629e+03
5.441509000000000015e+03
5.547971999999999753e+03
5.655470999999999549e+03
5.764006999999999607e+03
5.873578999999999724e+03
5.984186999999999898e+03
6.095831000000000131e+03
6.208512999999999920e+03
6.322229999999999563e+03
6.436984000000000378e+03
6.552774999999999636e+03
6.669601999999999862e+03
6.787466000000000349e+03
6.906367000000000189e+03
7.026305000000000291e+03
7.147279000000000451e+03
7.269289999999999964e+03
7.392337999999999738e+03
7.516422999999999774e+03
7.641545000000000073e+03
7.767703999999999724e+03
7.894899999999999636e+03
8.023132999999999811e+03
8.152403000000000247e+03
8.282709999999999127e+03
8.414054000000000087e+03
8.546435999999999694e+03
8.679854999999999563e+03
8.814309999999999491e+03
8.949804000000000087e+03
9.086334000000000742e+03
9.223902000000000044e+03
9.362506999999999607e+03
9.502149999999999636e+03
9.642829999999999927e+03
9.784548000000000684e+03
9.927302999999999884e+03
1.007109499999999935e+04
1.021592499999999927e+04
1.036179299999999967e+04
1.050869800000000032e+04
1.065664099999999962e+04
1.080562199999999939e+04
1.095563999999999942e+04
1.110669499999999971e+04
1.125878900000000067e+04
1.141192000000000007e+04
1.156608899999999994e+04
1.172129600000000028e+04
1.187754099999999926e+04
1.203482300000000032e+04
1.219314400000000023e+04
1.235250200000000041e+04
1.251289799999999923e+04
1.267433200000000033e+04
1.283680400000000009e+04
1.300031400000000031e+04
1.316486199999999917e+04
1.333044800000000032e+04
1.349707200000000012e+04
1.366473400000000038e+04
1.383343399999999929e+04
1.400317200000000048e+04
1.417394900000000052e+04
1.434576300000000083e+04
1.451861499999999978e+04
1.469250599999999940e+04
1.486743499999999949e+04
